7 directed weighted graphs; all are reachable from vertex 0.

** G2: |V| = 5
(u, v) E = { 
      ( 0,  1, 0.62333)
      ( 0,  2, 0.16064)
      ( 0,  4, 0.72198)
      ( 1,  3, 0.80575)
      ( 1,  4, 0.81127)
      ( 2,  1, 0.19761)
      ( 2,  3, 0.43586)
      ( 2,  4, 0.21258)
      ( 3,  1, 0.44525)
      ( 3,  2, 0.06339)
      ( 3,  4, 0.80619)
      ( 4,  1, 0.37859)
      ( 4,  2, 0.04229)
      ( 4,  3, 0.27132) } 
---------------- 


** G2: |V| = 10
(u, v) E = { 
      ( 0,  1, 8)
      ( 0,  2, 6)
      ( 0,  3, 9)
      ( 1,  2, 3)
      ( 2,  3, 8)
      ( 2,  4, 4)
      ( 2,  5, 5)
      ( 3,  5, 4)
      ( 4,  1, 2)
      ( 4,  9, 9)
      ( 5,  8, 6)
      ( 6,  3, 9)  *
      ( 7,  4, 5)
      ( 7,  9, 2)  
      ( 8,  6, 6)
      ( 8,  7, 8)
      ( 8,  9, 4) } 
---------------- 

** G3: |V| = 10
(u, v) E = { 
      ( 0,  1, 8)
      ( 0,  2, 6)
      ( 0,  3, 9)
      ( 1,  2, 3)
      ( 2,  3, 8)
      ( 2,  4, 4)
      ( 2,  5, 5)
      ( 3,  5, 4)
      ( 4,  1, 2)
      ( 4,  9, 9)
      ( 5,  8, 6)
      ( 6,  3, 7)  *
      ( 7,  4, 5)
      ( 7,  9, 2)  
      ( 8,  6, 6)
      ( 8,  7, 8)
      ( 8,  9, 4) }
---------------- 


** G4: |V| = 10
(u, v) E = { 
      ( 0,  1, 8)
      ( 0,  2, 6)
      ( 0,  3, 9)
      ( 1,  2, 3)
      ( 2,  3, 8)
      ( 2,  4, 4)
      ( 2,  5, 5)
      ( 3,  5, 4)
      ( 4,  1, 2)
      ( 4,  7, 5) *
      ( 4,  9, 9)
      ( 5,  8, 6)
      ( 6,  3, 2)
      ( 7,  9, 2)  
      ( 8,  6, 6)
      ( 8,  7, 3) *
      ( 8,  9, 4) } 
---------------- 


** G5: |V| = 10
(u, v) E = { 
      ( 0,  1, 3)
      ( 0,  2, 6)
      ( 0,  3, 1)
      ( 1,  2, 3)
      ( 2,  3, 8)
      ( 2,  4, 5)
      ( 2,  5, 5)
      ( 3,  5, 4)
      ( 4,  1, 2)
      ( 4,  9, 9)
      ( 5,  8, 6)
      ( 6,  3, 2)
      ( 7,  4, 5)
      ( 7,  9, 2)  
      ( 8,  6, 6)
      ( 8,  7, 7)
      ( 8,  9, 4) } 
---------------- 


** G6: |V| = 7
(u, v) E = { 
      ( 0,  1, 8)
      ( 0,  2, 6)
      ( 0,  3, 9)
      ( 1,  2, 3)
      ( 2,  3, 8)
      ( 2,  4, 4)
      ( 2,  5, 5)
      ( 3,  5, 4)
      ( 4,  1, 2)
      ( 4,  5, 9)
      ( 5,  6, 1)
      ( 6,  3, 2) } 
---------------- 


** G7: |V| = 7
(u, v) E = { 
      ( 0,  1, 8)
      ( 0,  2, 6)
      ( 0,  3, 9)
      ( 1,  2, 3)
      ( 2,  3, 8)
      ( 2,  4, 4)
      ( 2,  5, 5)
      ( 5,  3, 4) *
      ( 4,  1, 2)
      ( 5,  4, 3) *
      ( 5,  6, 1)
      ( 6,  3, 2) } 
---------------- 


