2 Undirected Graphs in unG4.txt.

** G1: |V|=2000, V={0..1999}
   Edges (u, v) E = { 
      ( 0, 785)
      ( 2, 1415)
      ( 3, 1125)
      ( 3, 1581)
      ( 4, 497)
      ( 4, 685)
      ( 4, 926)
      ( 4, 1937)
      ( 6, 1549)
      ( 7, 531)
      ( 7, 1246)
      ( 7, 1441)
      ( 7, 1690)
      ( 8, 531)
      ( 9, 464)
      (10, 195)
      (10, 689)
      (10, 1122)
      (11, 154)
      (12, 1931)
      (13, 239)
      (13, 1203)
      (14, 1191)
      (14, 1643)
      (15, 68)
      (15, 520)
      (15, 688)
      (15, 1579)
      (16, 870)
      (16, 1584)
      (17, 305)
      (18, 772)
      (19, 551)
      (19, 1449)
      (20, 551)
      (20, 1763)
      (20, 1914)
      (21, 591)
      (21, 697)
      (21, 746)
      (21, 1015)
      (21, 1578)
      (22, 855)
      (22, 1505)
      (23, 924)
      (23, 1410)
      (25, 410)
      (25, 1628)
      (26, 1362)
      (26, 1668)
      (27, 1200)
      (27, 1995)
      (28, 930)
      (28, 1110)
      (29, 785)
      (31, 235)
      (31, 379)
      (31, 1786)
      (32, 83)
      (32, 706)
      (32, 1483)
      (33, 836)
      (34, 590)
      (34, 787)
      (35, 181)
      (36, 57)
      (36, 709)
      (36, 896)
      (38, 347)
      (38, 432)
      (39, 93)
      (39, 1485)
      (39, 1891)
      (40, 985)
      (41, 378)
      (41, 937)
      (41, 1012)
      (41, 1071)
      (44, 63)
      (44, 1336)
      (44, 1621)
      (45, 84)
      (45, 127)
      (45, 409)
      (45, 607)
      (46, 647)
      (46, 1662)
      (46, 1824)
      (47, 1696)
      (47, 1945)
      (47, 1990)
      (48, 408)
      (49, 620)
      (49, 1093)
      (50, 448)
      (50, 721)
      (50, 807)
      (50, 1972)
      (51, 1627)
      (51, 1728)
      (52, 1066)
      (52, 1504)
      (52, 1518)
      (52, 1695)
      (53, 179)
      (53, 709)
      (53, 910)
      (54, 83)
      (54, 624)
      (54, 1230)
      (55, 1467)
      (55, 1817)
      (56, 1509)
      (58, 601)
      (58, 1731)
      (58, 1895)
      (59, 1047)
      (60, 1141)
      (60, 1543)
      (61, 404)
      (61, 525)
      (61, 1841)
      (61, 1952)
      (62, 63)
      (62, 269)
      (62, 1004)
      (62, 1637)
      (64, 1116)
      (64, 1898)
      (66, 456)
      (66, 846)
      (66, 1982)
      (67, 627)
      (67, 1296)
      (68, 302)
      (69, 218)
      (69, 481)
      (69, 765)
      (70, 1444)
      (70, 1517)
      (72, 1018)
      (73, 682)
      (73, 1190)
      (73, 1968)
      (74, 541)
      (74, 670)
      (74, 742)
      (74, 1151)
      (74, 1247)
      (74, 1279)
      (74, 1634)
      (75, 1521)
      (76, 946)
      (76, 1301)
      (76, 1354)
      (76, 1574)
      (76, 1684)
      (76, 1855)
      (78, 385)
      (78, 426)
      (78, 1462)
      (78, 1973)
      (79, 978)
      (79, 1630)
      (80, 185)
      (80, 907)
      (80, 1918)
      (83, 1041)
      (84, 674)
      (84, 1091)
      (84, 1558)
      (85, 429)
      (87, 449)
      (87, 679)
      (87, 1215)
      (87, 1541)
      (87, 1744)
      (88, 1168)
      (88, 1589)
      (89, 275)
      (89, 329)
      (89, 1489)
      (90, 716)
      (91, 322)
      (91, 907)
      (92, 747)
      (92, 1993)
      (94, 1929)
      (94, 1937)
      (95, 209)
      (95, 1307)
      (95, 1743)
      (98, 109)
      (98, 312)
      (98, 1167)
      (99, 307)
      (99, 440)
      (99, 1125)
      (102, 744)
      (102, 922)
      (102, 1447)
      (102, 1531)
      (103, 405)
      (103, 939)
      (103, 1113)
      (104, 411)
      (104, 1645)
      (104, 1798)
      (104, 1889)
      (105, 1628)
      (106, 318)
      (106, 410)
      (106, 431)
      (106, 563)
      (106, 817)
      (107, 676)
      (107, 801)
      (107, 1873)
      (108, 1427)
      (108, 1504)
      (109, 1699)
      (110, 1506)
      (111, 1761)
      (111, 1789)
      (112, 213)
      (112, 915)
      (113, 1005)
      (114, 1768)
      (115, 896)
      (115, 1061)
      (116, 145)
      (116, 798)
      (116, 1589)
      (116, 1951)
      (117, 169)
      (117, 1731)
      (118, 211)
      (119, 188)
      (119, 343)
      (119, 1454)
      (120, 199)
      (120, 286)
      (120, 969)
      (121, 188)
      (121, 783)
      (122, 179)
      (122, 1173)
      (122, 1366)
      (123, 829)
      (124, 1368)
      (124, 1632)
      (125, 979)
      (125, 1761)
      (127, 1111)
      (127, 1354)
      (127, 1702)
      (128, 218)
      (129, 965)
      (129, 1085)
      (129, 1257)
      (129, 1761)
      (129, 1976)
      (131, 391)
      (131, 1051)
      (131, 1724)
      (132, 843)
      (132, 1355)
      (134, 1412)
      (134, 1511)
      (135, 797)
      (135, 819)
      (135, 1112)
      (135, 1720)
      (136, 336)
      (136, 420)
      (136, 776)
      (136, 1181)
      (136, 1260)
      (137, 469)
      (138, 989)
      (139, 872)
      (139, 955)
      (139, 1055)
      (139, 1964)
      (139, 1970)
      (140, 1459)
      (140, 1974)
      (141, 1735)
      (142, 212)
      (142, 796)
      (143, 189)
      (144, 1093)
      (144, 1914)
      (146, 649)
      (146, 681)
      (146, 1075)
      (146, 1876)
      (147, 1094)
      (147, 1196)
      (147, 1950)
      (148, 315)
      (148, 1449)
      (149, 196)
      (150, 250)
      (150, 812)
      (150, 928)
      (150, 1571)
      (152, 1716)
      (153, 1081)
      (153, 1668)
      (154, 860)
      (156, 1681)
      (157, 1159)
      (157, 1572)
      (158, 572)
      (158, 793)
      (160, 410)
      (160, 1252)
      (161, 1473)
      (162, 835)
      (163, 1636)
      (164, 242)
      (165, 883)
      (165, 1691)
      (165, 1918)
      (166, 335)
      (166, 587)
      (166, 1075)
      (167, 527)
      (168, 752)
      (168, 1193)
      (168, 1290)
      (168, 1596)
      (168, 1695)
      (168, 1891)
      (170, 511)
      (171, 1558)
      (172, 1521)
      (172, 1854)
      (173, 642)
      (173, 775)
      (174, 298)
      (174, 329)
      (174, 403)
      (174, 559)
      (174, 846)
      (175, 1328)
      (176, 385)
      (176, 474)
      (176, 926)
      (176, 1033)
      (176, 1309)
      (177, 1409)
      (177, 1940)
      (177, 1982)
      (178, 705)
      (179, 1658)
      (179, 1678)
      (180, 912)
      (180, 1561)
      (180, 1948)
      (181, 617)
      (183, 1134)
      (183, 1568)
      (184, 717)
      (184, 1069)
      (184, 1080)
      (184, 1499)
      (184, 1816)
      (185, 269)
      (186, 1114)
      (187, 918)
      (187, 1687)
      (188, 324)
      (188, 1312)
      (188, 1508)
      (188, 1655)
      (189, 981)
      (189, 1698)
      (189, 1760)
      (189, 1908)
      (191, 686)
      (195, 457)
      (195, 619)
      (195, 624)
      (195, 1237)
      (196, 238)
      (196, 1050)
      (199, 955)
      (199, 1456)
      (202, 1957)
      (203, 572)
      (203, 1344)
      (204, 1548)
      (205, 1785)
      (206, 251)
      (207, 927)
      (207, 1110)
      (207, 1607)
      (208, 1506)
      (208, 1630)
      (209, 343)
      (209, 984)
      (209, 1062)
      (209, 1421)
      (210, 1024)
      (210, 1809)
      (211, 637)
      (211, 695)
      (211, 1734)
      (212, 244)
      (212, 1483)
      (212, 1844)
      (212, 1875)
      (213, 589)
      (214, 362)
      (215, 1333)
      (215, 1419)
      (215, 1570)
      (216, 268)
      (216, 398)
      (216, 972)
      (218, 1034)
      (218, 1118)
      (218, 1190)
      (218, 1578)
      (219, 1993)
      (220, 1787)
      (226, 246)
      (226, 327)
      (226, 1821)
      (227, 1081)
      (227, 1134)
      (228, 592)
      (229, 455)
      (229, 551)
      (229, 615)
      (229, 984)
      (230, 702)
      (230, 1296)
      (230, 1307)
      (230, 1913)
      (231, 1062)
      (231, 1683)
      (231, 1854)
      (232, 283)
      (233, 250)
      (233, 718)
      (233, 981)
      (233, 982)
      (233, 1151)
      (233, 1995)
      (234, 709)
      (234, 1602)
      (234, 1940)
      (235, 256)
      (235, 765)
      (235, 891)
      (236, 731)
      (236, 1103)
      (236, 1284)
      (236, 1447)
      (236, 1663)
      (236, 1887)
      (238, 398)
      (238, 930)
      (239, 1111)
      (240, 500)
      (240, 1227)
      (240, 1666)
      (241, 329)
      (242, 1731)
      (242, 1958)
      (243, 1392)
      (245, 882)
      (246, 1850)
      (247, 248)
      (248, 466)
      (248, 1471)
      (249, 463)
      (249, 572)
      (250, 1392)
      (251, 452)
      (251, 788)
      (251, 1253)
      (251, 1394)
      (251, 1908)
      (252, 1890)
      (253, 710)
      (254, 1895)
      (255, 621)
      (255, 761)
      (255, 892)
      (255, 1153)
      (255, 1274)
      (255, 1605)
      (256, 736)
      (256, 840)
      (256, 1035)
      (257, 270)
      (257, 1066)
      (258, 1582)
      (258, 1695)
      (258, 1803)
      (258, 1844)
      (259, 586)
      (260, 1147)
      (261, 648)
      (261, 1660)
      (262, 1086)
      (263, 505)
      (263, 598)
      (263, 1047)
      (263, 1126)
      (265, 341)
      (266, 1455)
      (267, 1088)
      (268, 1197)
      (268, 1479)
      (268, 1487)
      (268, 1582)
      (268, 1809)
      (269, 588)
      (269, 1032)
      (270, 548)
      (271, 648)
      (272, 1333)
      (272, 1651)
      (273, 337)
      (273, 555)
      (273, 682)
      (273, 1308)
      (274, 762)
      (274, 1170)
      (274, 1580)
      (274, 1582)
      (274, 1653)
      (275, 653)
      (275, 1163)
      (275, 1701)
      (275, 1896)
      (276, 1644)
      (276, 1825)
      (278, 1681)
      (279, 676)
      (280, 633)
      (281, 1282)
      (281, 1407)
      (282, 334)
      (282, 1056)
      (282, 1109)
      (282, 1771)
      (282, 1819)
      (283, 378)
      (283, 791)
      (284, 314)
      (285, 1363)
      (285, 1439)
      (285, 1689)
      (286, 593)
      (287, 1916)
      (288, 818)
      (288, 926)
      (289, 943)
      (289, 1102)
      (290, 689)
      (290, 891)
      (290, 1873)
      (291, 1608)
      (292, 1677)
      (292, 1831)
      (293, 1375)
      (294, 735)
      (294, 1608)
      (295, 967)
      (296, 1017)
      (296, 1099)
      (296, 1529)
      (297, 329)
      (297, 1610)
      (298, 791)
      (298, 1004)
      (298, 1452)
      (298, 1525)
      (299, 1696)
      (300, 907)
      (300, 1098)
      (301, 983)
      (301, 1438)
      (302, 1141)
      (303, 394)
      (305, 1467)
      (306, 860)
      (307, 1213)
      (309, 919)
      (309, 1261)
      (309, 1566)
      (311, 438)
      (311, 1211)
      (312, 1897)
      (314, 720)
      (314, 1089)
      (314, 1513)
      (314, 1814)
      (315, 1487)
      (315, 1856)
      (315, 1879)
      (315, 1989)
      (316, 917)
      (317, 1916)
      (318, 549)
      (318, 800)
      (318, 1077)
      (318, 1178)
      (318, 1558)
      (319, 372)
      (320, 1662)
      (321, 339)
      (322, 1193)
      (322, 1496)
      (323, 1527)
      (324, 1539)
      (326, 665)
      (326, 846)
      (328, 1333)
      (329, 849)
      (329, 1099)
      (329, 1141)
      (329, 1277)
      (331, 471)
      (333, 1377)
      (333, 1449)
      (334, 414)
      (334, 910)
      (334, 1102)
      (335, 694)
      (335, 709)
      (335, 972)
      (335, 1629)
      (337, 557)
      (337, 836)
      (337, 890)
      (339, 498)
      (339, 1494)
      (339, 1534)
      (340, 1906)
      (341, 979)
      (341, 1247)
      (343, 494)
      (343, 1338)
      (343, 1901)
      (344, 852)
      (344, 880)
      (344, 1943)
      (345, 529)
      (346, 418)
      (346, 822)
      (346, 1313)
      (346, 1817)
      (347, 1311)
      (347, 1345)
      (347, 1391)
      (347, 1528)
      (350, 1893)
      (350, 1918)
      (351, 498)
      (351, 998)
      (353, 405)
      (353, 777)
      (353, 1206)
      (355, 498)
      (355, 1279)
      (356, 898)
      (356, 1704)
      (356, 1725)
      (358, 820)
      (360, 795)
      (361, 1874)
      (362, 1025)
      (365, 397)
      (365, 938)
      (365, 1259)
      (365, 1394)
      (365, 1829)
      (367, 588)
      (367, 1858)
      (369, 634)
      (369, 646)
      (369, 1169)
      (369, 1252)
      (370, 463)
      (370, 993)
      (371, 1011)
      (371, 1796)
      (371, 1813)
      (372, 382)
      (372, 524)
      (372, 596)
      (372, 1099)
      (372, 1514)
      (372, 1815)
      (373, 1664)
      (373, 1832)
      (374, 899)
      (374, 1957)
      (375, 426)
      (376, 663)
      (377, 806)
      (378, 652)
      (378, 1999)
      (380, 506)
      (380, 713)
      (381, 589)
      (383, 1597)
      (383, 1775)
      (384, 503)
      (387, 1001)
      (387, 1268)
      (387, 1894)
      (388, 659)
      (388, 890)
      (389, 646)
      (390, 1407)
      (391, 1924)
      (392, 1134)
      (393, 570)
      (393, 1071)
      (393, 1149)
      (393, 1184)
      (393, 1220)
      (394, 400)
      (394, 1365)
      (394, 1447)
      (394, 1878)
      (394, 1960)
      (396, 661)
      (396, 1656)
      (398, 1109)
      (399, 838)
      (399, 1304)
      (399, 1465)
      (399, 1851)
      (400, 1906)
      (401, 1350)
      (402, 1083)
      (403, 610)
      (403, 1432)
      (403, 1714)
      (404, 952)
      (404, 1668)
      (405, 1489)
      (406, 855)
      (406, 988)
      (407, 698)
      (407, 804)
      (408, 653)
      (408, 1933)
      (409, 1884)
      (410, 585)
      (410, 1458)
      (411, 1775)
      (412, 964)
      (413, 459)
      (413, 717)
      (413, 929)
      (413, 959)
      (413, 1052)
      (413, 1085)
      (414, 1669)
      (415, 1209)
      (416, 1183)
      (417, 461)
      (417, 1652)
      (418, 1140)
      (419, 943)
      (420, 803)
      (420, 1162)
      (420, 1982)
      (423, 1873)
      (424, 1894)
      (425, 966)
      (425, 1093)
      (426, 1727)
      (426, 1739)
      (428, 460)
      (428, 1873)
      (428, 1874)
      (429, 599)
      (429, 635)
      (429, 906)
      (429, 1150)
      (429, 1335)
      (430, 1358)
      (431, 444)
      (431, 1621)
      (431, 1902)
      (432, 469)
      (432, 1219)
      (432, 1458)
      (434, 1275)
      (434, 1838)
      (436, 1263)
      (439, 901)
      (439, 1051)
      (440, 662)
      (440, 725)
      (440, 902)
      (440, 1271)
      (440, 1642)
      (441, 736)
      (442, 1130)
      (442, 1223)
      (444, 455)
      (444, 634)
      (445, 1009)
      (446, 1194)
      (446, 1317)
      (446, 1382)
      (447, 591)
      (447, 1069)
      (447, 1222)
      (447, 1425)
      (447, 1574)
      (448, 699)
      (450, 695)
      (451, 1869)
      (452, 464)
      (453, 1041)
      (454, 1549)
      (454, 1991)
      (455, 1244)
      (455, 1964)
      (456, 941)
      (456, 1220)
      (456, 1646)
      (456, 1863)
      (456, 1970)
      (458, 1857)
      (459, 1581)
      (459, 1914)
      (460, 1443)
      (460, 1634)
      (460, 1895)
      (461, 1038)
      (461, 1264)
      (461, 1335)
      (461, 1363)
      (461, 1531)
      (461, 1670)
      (462, 483)
      (462, 1856)
      (463, 671)
      (463, 1379)
      (464, 892)
      (464, 921)
      (464, 1321)
      (467, 1025)
      (467, 1410)
      (467, 1830)
      (468, 1488)
      (469, 640)
      (471, 835)
      (471, 1006)
      (471, 1420)
      (471, 1541)
      (472, 654)
      (472, 790)
      (473, 493)
      (473, 1198)
      (474, 1076)
      (474, 1314)
      (474, 1335)
      (476, 630)
      (477, 515)
      (477, 1034)
      (477, 1522)
      (477, 1623)
      (477, 1633)
      (479, 945)
      (479, 995)
      (479, 1102)
      (481, 776)
      (482, 1944)
      (484, 986)
      (484, 1367)
      (486, 1081)
      (489, 1903)
      (490, 636)
      (490, 905)
      (492, 983)
      (492, 1582)
      (493, 1208)
      (493, 1658)
      (496, 1171)
      (496, 1991)
      (497, 513)
      (497, 1341)
      (499, 1417)
      (500, 979)
      (501, 1498)
      (504, 1087)
      (505, 654)
      (505, 754)
      (506, 944)
      (506, 1500)
      (507, 1005)
      (508, 522)
      (508, 958)
      (508, 960)
      (508, 1038)
      (508, 1633)
      (509, 1368)
      (510, 1467)
      (510, 1694)
      (510, 1930)
      (511, 670)
      (511, 1879)
      (514, 724)
      (515, 1261)
      (515, 1409)
      (516, 891)
      (517, 1222)
      (518, 759)
      (518, 1445)
      (518, 1530)
      (518, 1779)
      (518, 1871)
      (519, 1042)
      (519, 1759)
      (520, 1523)
      (520, 1894)
      (521, 815)
      (523, 700)
      (523, 829)
      (523, 1252)
      (523, 1371)
      (524, 1108)
      (527, 766)
      (527, 821)
      (527, 1279)
      (529, 1171)
      (529, 1993)
      (532, 1275)
      (533, 899)
      (533, 1139)
      (534, 1997)
      (537, 949)
      (537, 1181)
      (538, 880)
      (538, 1613)
      (538, 1739)
      (539, 684)
      (540, 1195)
      (540, 1478)
      (542, 563)
      (542, 785)
      (542, 1395)
      (542, 1572)
      (543, 657)
      (543, 1680)
      (544, 1775)
      (545, 959)
      (545, 996)
      (545, 1329)
      (546, 1215)
      (546, 1326)
      (546, 1976)
      (547, 1893)
      (548, 1150)
      (549, 1349)
      (549, 1372)
      (550, 1660)
      (551, 1522)
      (552, 633)
      (552, 973)
      (553, 896)
      (554, 1413)
      (554, 1420)
      (555, 1454)
      (557, 775)
      (557, 949)
      (558, 1032)
      (558, 1476)
      (560, 1245)
      (560, 1453)
      (560, 1505)
      (561, 656)
      (562, 701)
      (562, 1730)
      (563, 580)
      (563, 776)
      (563, 794)
      (563, 824)
      (565, 1519)
      (565, 1584)
      (565, 1674)
      (566, 1903)
      (567, 755)
      (569, 1729)
      (570, 1059)
      (570, 1489)
      (572, 1335)
      (572, 1494)
      (573, 1097)
      (573, 1828)
      (574, 715)
      (574, 1350)
      (574, 1945)
      (575, 1271)
      (576, 1601)
      (578, 788)
      (578, 1550)
      (581, 622)
      (581, 716)
      (581, 736)
      (581, 1265)
      (581, 1414)
      (581, 1863)
      (582, 621)
      (582, 914)
      (582, 957)
      (583, 756)
      (583, 1234)
      (583, 1772)
      (583, 1883)
      (584, 1554)
      (585, 1966)
      (586, 987)
      (586, 1012)
      (586, 1689)
      (587, 1128)
      (589, 727)
      (589, 1120)
      (589, 1773)
      (590, 956)
      (590, 1975)
      (593, 839)
      (596, 739)
      (596, 961)
      (596, 1918)
      (598, 1811)
      (599, 893)
      (599, 1476)
      (601, 686)
      (601, 1660)
      (603, 931)
      (603, 1139)
      (604, 1468)
      (605, 1298)
      (608, 1717)
      (608, 1915)
      (609, 1589)
      (611, 685)
      (613, 1131)
      (613, 1210)
      (613, 1506)
      (613, 1573)
      (614, 972)
      (614, 1598)
      (615, 800)
      (615, 1642)
      (616, 1025)
      (616, 1471)
      (616, 1486)
      (617, 1605)
      (618, 1718)
      (618, 1855)
      (619, 656)
      (619, 798)
      (619, 1552)
      (620, 722)
      (620, 1773)
      (621, 760)
      (621, 1777)
      (625, 796)
      (627, 836)
      (627, 975)
      (629, 928)
      (629, 1129)
      (629, 1424)
      (629, 1810)
      (630, 1594)
      (631, 1409)
      (631, 1790)
      (632, 1918)
      (633, 1103)
      (633, 1187)
      (633, 1593)
      (633, 1867)
      (634, 660)
      (634, 991)
      (635, 1097)
      (635, 1211)
      (635, 1320)
      (636, 1052)
      (638, 1679)
      (639, 1023)
      (640, 1208)
      (640, 1559)
      (642, 818)
      (644, 1271)
      (645, 1156)
      (645, 1413)
      (645, 1875)
      (645, 1915)
      (646, 1325)
      (647, 900)
      (647, 1285)
      (647, 1402)
      (648, 1664)
      (649, 1555)
      (650, 905)
      (650, 1607)
      (651, 1917)
      (652, 862)
      (652, 981)
      (652, 1049)
      (652, 1178)
      (653, 905)
      (654, 1335)
      (654, 1898)
      (655, 1572)
      (656, 1406)
      (657, 750)
      (657, 1373)
      (657, 1676)
      (657, 1829)
      (659, 1860)
      (661, 1291)
      (662, 1991)
      (663, 1254)
      (666, 677)
      (666, 1374)
      (667, 1548)
      (668, 1303)
      (668, 1458)
      (668, 1979)
      (669, 1140)
      (669, 1680)
      (671, 820)
      (672, 1186)
      (672, 1681)
      (673, 969)
      (674, 798)
      (674, 1173)
      (676, 1772)
      (677, 980)
      (677, 1069)
      (677, 1806)
      (682, 745)
      (682, 1195)
      (682, 1372)
      (682, 1842)
      (683, 1243)
      (686, 1089)
      (686, 1284)
      (686, 1315)
      (686, 1431)
      (686, 1809)
      (687, 1316)
      (688, 1212)
      (688, 1224)
      (688, 1673)
      (690, 1168)
      (691, 1078)
      (691, 1179)
      (692, 1408)
      (692, 1783)
      (693, 973)
      (694, 1070)
      (696, 1521)
      (697, 1591)
      (697, 1858)
      (697, 1929)
      (699, 1028)
      (700, 1411)
      (702, 1291)
      (702, 1324)
      (703, 760)
      (704, 960)
      (704, 1588)
      (707, 1148)
      (707, 1209)
      (708, 1412)
      (708, 1565)
      (710, 935)
      (710, 1405)
      (710, 1698)
      (710, 1987)
      (712, 1046)
      (715, 842)
      (715, 1347)
      (715, 1815)
      (717, 1566)
      (718, 826)
      (719, 981)
      (720, 1211)
      (721, 1533)
      (722, 1998)
      (723, 830)
      (724, 1603)
      (724, 1654)
      (726, 739)
      (726, 829)
      (726, 1377)
      (726, 1788)
      (728, 1966)
      (729, 884)
      (729, 1301)
      (729, 1800)
      (729, 1805)
      (731, 1498)
      (733, 1143)
      (733, 1376)
      (734, 1011)
      (734, 1171)
      (735, 889)
      (736, 1249)
      (737, 1759)
      (739, 1050)
      (739, 1085)
      (739, 1996)
      (740, 827)
      (742, 1568)
      (743, 1110)
      (744, 1565)
      (745, 1090)
      (745, 1647)
      (746, 772)
      (747, 1501)
      (747, 1754)
      (749, 984)
      (749, 1552)
      (749, 1982)
      (753, 1415)
      (754, 1827)
      (755, 1071)
      (755, 1276)
      (755, 1839)
      (756, 1929)
      (757, 1061)
      (759, 1434)
      (760, 970)
      (760, 1248)
      (761, 920)
      (762, 806)
      (762, 1538)
      (764, 1136)
      (765, 1237)
      (766, 1660)
      (766, 1825)
      (770, 1181)
      (770, 1872)
      (772, 901)
      (772, 951)
      (772, 1648)
      (772, 1866)
      (772, 1901)
      (773, 877)
      (773, 1033)
      (773, 1823)
      (778, 973)
      (778, 1473)
      (781, 908)
      (781, 995)
      (782, 1947)
      (782, 1974)
      (783, 788)
      (783, 1953)
      (785, 1279)
      (785, 1396)
      (785, 1466)
      (787, 1410)
      (788, 1629)
      (789, 1604)
      (790, 1264)
      (790, 1864)
      (790, 1932)
      (795, 1184)
      (795, 1187)
      (795, 1250)
      (795, 1526)
      (796, 1149)
      (796, 1214)
      (798, 1253)
      (798, 1352)
      (798, 1661)
      (802, 1268)
      (802, 1710)
      (803, 809)
      (803, 850)
      (803, 1030)
      (803, 1728)
      (808, 952)
      (808, 1890)
      (809, 966)
      (812, 1697)
      (813, 826)
      (813, 1306)
      (814, 1135)
      (814, 1170)
      (814, 1737)
      (815, 958)
      (815, 1420)
      (815, 1725)
      (816, 1204)
      (816, 1990)
      (817, 1237)
      (817, 1301)
      (818, 845)
      (820, 1141)
      (820, 1266)
      (820, 1273)
      (822, 945)
      (822, 1298)
      (822, 1444)
      (823, 1205)
      (824, 1548)
      (826, 1902)
      (827, 840)
      (827, 1528)
      (828, 865)
      (828, 1426)
      (828, 1802)
      (829, 1025)
      (830, 1444)
      (831, 999)
      (831, 1071)
      (831, 1276)
      (831, 1647)
      (832, 998)
      (832, 1000)
      (832, 1453)
      (832, 1983)
      (836, 1416)
      (836, 1734)
      (836, 1787)
      (839, 1669)
      (839, 1827)
      (839, 1830)
      (839, 1849)
      (841, 1060)
      (842, 1660)
      (842, 1741)
      (842, 1796)
      (844, 1340)
      (844, 1888)
      (846, 1534)
      (846, 1676)
      (846, 1964)
      (847, 1337)
      (848, 1028)
      (848, 1800)
      (853, 1344)
      (853, 1756)
      (854, 1432)
      (854, 1515)
      (855, 1166)
      (855, 1775)
      (855, 1796)
      (855, 1813)
      (856, 1179)
      (858, 1368)
      (859, 1476)
      (859, 1632)
      (860, 963)
      (860, 1917)
      (863, 1385)
      (864, 1996)
      (866, 893)
      (866, 1186)
      (866, 1268)
      (866, 1638)
      (868, 1320)
      (869, 1533)
      (869, 1850)
      (871, 1243)
      (874, 1535)
      (875, 1117)
      (877, 1499)
      (877, 1878)
      (877, 1886)
      (878, 1920)
      (882, 1668)
      (883, 1399)
      (883, 1637)
      (884, 891)
      (887, 1534)
      (887, 1576)
      (887, 1816)
      (887, 1902)
      (888, 1940)
      (889, 1091)
      (889, 1475)
      (889, 1645)
      (889, 1896)
      (890, 1714)
      (891, 1247)
      (891, 1307)
      (893, 1136)
      (893, 1551)
      (893, 1571)
      (893, 1682)
      (899, 1083)
      (899, 1313)
      (899, 1659)
      (903, 966)
      (903, 1836)
      (904, 1487)
      (904, 1608)
      (904, 1623)
      (905, 912)
      (905, 1219)
      (905, 1595)
      (906, 1298)
      (906, 1610)
      (907, 1959)
      (908, 1792)
      (909, 961)
      (910, 1390)
      (913, 1476)
      (914, 1449)
      (916, 1137)
      (916, 1302)
      (916, 1551)
      (917, 1692)
      (917, 1730)
      (919, 1588)
      (919, 1745)
      (921, 1581)
      (924, 926)
      (924, 1699)
      (925, 1059)
      (925, 1294)
      (925, 1430)
      (926, 935)
      (926, 1417)
      (927, 1019)
      (927, 1177)
      (927, 1266)
      (930, 1236)
      (930, 1670)
      (931, 1149)
      (932, 1966)
      (933, 1710)
      (933, 1999)
      (937, 1125)
      (937, 1643)
      (938, 1746)
      (939, 1192)
      (940, 1374)
      (940, 1440)
      (942, 1993)
      (943, 1104)
      (945, 1076)
      (945, 1216)
      (945, 1690)
      (945, 1802)
      (947, 1254)
      (950, 1455)
      (952, 1133)
      (953, 1895)
      (954, 1825)
      (955, 1712)
      (956, 1759)
      (957, 972)
      (958, 1703)
      (958, 1957)
      (959, 1305)
      (960, 1897)
      (961, 1561)
      (962, 968)
      (963, 987)
      (963, 1120)
      (963, 1285)
      (963, 1579)
      (963, 1958)
      (967, 1150)
      (967, 1849)
      (968, 974)
      (968, 980)
      (970, 1159)
      (971, 1456)
      (971, 1609)
      (971, 1709)
      (972, 1445)
      (972, 1754)
      (973, 1878)
      (973, 1987)
      (976, 1824)
      (977, 1662)
      (979, 1231)
      (979, 1454)
      (979, 1629)
      (981, 1032)
      (982, 1224)
      (983, 1254)
      (984, 1163)
      (985, 1115)
      (985, 1213)
      (985, 1625)
      (985, 1633)
      (986, 1506)
      (986, 1696)
      (987, 1042)
      (988, 1920)
      (989, 1048)
      (989, 1954)
      (989, 1958)
      (991, 1813)
      (994, 1437)
      (994, 1580)
      (995, 1257)
      (996, 1385)
      (1000, 1029)
      (1001, 1936)
      (1001, 1995)
      (1003, 1180)
      (1005, 1259)
      (1005, 1303)
      (1006, 1395)
      (1006, 1916)
      (1007, 1179)
      (1009, 1067)
      (1011, 1085)
      (1011, 1167)
      (1011, 1558)
      (1011, 1783)
      (1014, 1441)
      (1015, 1751)
      (1017, 1776)
      (1019, 1161)
      (1019, 1358)
      (1020, 1330)
      (1023, 1533)
      (1023, 1966)
      (1025, 1349)
      (1026, 1204)
      (1026, 1823)
      (1027, 1681)
      (1029, 1321)
      (1031, 1423)
      (1031, 1679)
      (1034, 1719)
      (1035, 1560)
      (1035, 1652)
      (1035, 1858)
      (1036, 1130)
      (1036, 1803)
      (1037, 1334)
      (1040, 1957)
      (1045, 1473)
      (1045, 1519)
      (1046, 1049)
      (1046, 1518)
      (1046, 1747)
      (1047, 1680)
      (1049, 1683)
      (1051, 1211)
      (1052, 1552)
      (1053, 1550)
      (1053, 1613)
      (1055, 1763)
      (1057, 1503)
      (1058, 1165)
      (1058, 1880)
      (1058, 1936)
      (1058, 1939)
      (1060, 1357)
      (1061, 1363)
      (1061, 1485)
      (1061, 1645)
      (1064, 1091)
      (1064, 1177)
      (1064, 1295)
      (1064, 1580)
      (1065, 1897)
      (1067, 1074)
      (1067, 1136)
      (1067, 1373)
      (1067, 1378)
      (1067, 1585)
      (1067, 1619)
      (1067, 1642)
      (1072, 1604)
      (1073, 1375)
      (1078, 1801)
      (1079, 1324)
      (1081, 1289)
      (1084, 1100)
      (1084, 1259)
      (1086, 1278)
      (1086, 1987)
      (1089, 1161)
      (1090, 1759)
      (1091, 1131)
      (1092, 1292)
      (1093, 1663)
      (1094, 1746)
      (1094, 1982)
      (1095, 1098)
      (1097, 1336)
      (1097, 1656)
      (1099, 1294)
      (1100, 1195)
      (1105, 1957)
      (1108, 1781)
      (1109, 1468)
      (1110, 1152)
      (1110, 1278)
      (1110, 1408)
      (1114, 1145)
      (1114, 1879)
      (1116, 1535)
      (1118, 1944)
      (1119, 1168)
      (1119, 1854)
      (1121, 1517)
      (1123, 1752)
      (1124, 1407)
      (1124, 1566)
      (1125, 1289)
      (1125, 1956)
      (1126, 1418)
      (1127, 1159)
      (1127, 1519)
      (1128, 1875)
      (1130, 1188)
      (1130, 1776)
      (1130, 1982)
      (1131, 1925)
      (1133, 1476)
      (1136, 1198)
      (1140, 1980)
      (1141, 1333)
      (1144, 1321)
      (1144, 1677)
      (1145, 1523)
      (1145, 1632)
      (1146, 1460)
      (1146, 1623)
      (1146, 1744)
      (1146, 1901)
      (1148, 1695)
      (1149, 1644)
      (1149, 1853)
      (1151, 1741)
      (1151, 1893)
      (1152, 1828)
      (1154, 1568)
      (1155, 1335)
      (1155, 1394)
      (1156, 1785)
      (1157, 1317)
      (1157, 1770)
      (1157, 1901)
      (1159, 1247)
      (1159, 1634)
      (1159, 1986)
      (1163, 1940)
      (1164, 1594)
      (1166, 1347)
      (1166, 1947)
      (1167, 1294)
      (1168, 1394)
      (1168, 1780)
      (1168, 1782)
      (1168, 1870)
      (1168, 1931)
      (1169, 1807)
      (1171, 1287)
      (1171, 1799)
      (1172, 1356)
      (1173, 1593)
      (1173, 1617)
      (1176, 1191)
      (1176, 1331)
      (1179, 1185)
      (1179, 1976)
      (1180, 1880)
      (1181, 1252)
      (1182, 1226)
      (1182, 1389)
      (1182, 1417)
      (1183, 1371)
      (1186, 1726)
      (1186, 1953)
      (1188, 1460)
      (1191, 1815)
      (1192, 1307)
      (1196, 1211)
      (1198, 1494)
      (1199, 1242)
      (1199, 1610)
      (1200, 1224)
      (1201, 1357)
      (1203, 1583)
      (1203, 1614)
      (1203, 1770)
      (1203, 1837)
      (1205, 1211)
      (1208, 1473)
      (1208, 1775)
      (1209, 1370)
      (1210, 1398)
      (1210, 1532)
      (1211, 1692)
      (1211, 1843)
      (1211, 1963)
      (1215, 1440)
      (1219, 1371)
      (1219, 1506)
      (1219, 1828)
      (1220, 1788)
      (1222, 1238)
      (1224, 1524)
      (1225, 1964)
      (1226, 1331)
      (1226, 1683)
      (1228, 1303)
      (1229, 1548)
      (1229, 1651)
      (1231, 1290)
      (1231, 1491)
      (1231, 1818)
      (1231, 1891)
      (1232, 1835)
      (1234, 1775)
      (1238, 1558)
      (1238, 1923)
      (1240, 1423)
      (1241, 1628)
      (1243, 1931)
      (1244, 1738)
      (1249, 1819)
      (1250, 1746)
      (1252, 1527)
      (1252, 1575)
      (1254, 1347)
      (1254, 1451)
      (1256, 1699)
      (1256, 1759)
      (1261, 1626)
      (1261, 1682)
      (1268, 1406)
      (1268, 1571)
      (1269, 1489)
      (1269, 1910)
      (1270, 1793)
      (1270, 1877)
      (1273, 1877)
      (1275, 1750)
      (1276, 1306)
      (1278, 1511)
      (1280, 1670)
      (1281, 1440)
      (1282, 1640)
      (1282, 1728)
      (1282, 1840)
      (1283, 1426)
      (1288, 1527)
      (1292, 1799)
      (1295, 1594)
      (1295, 1756)
      (1296, 1638)
      (1305, 1315)
      (1312, 1418)
      (1312, 1419)
      (1314, 1489)
      (1315, 1710)
      (1316, 1530)
      (1318, 1594)
      (1319, 1853)
      (1320, 1938)
      (1322, 1333)
      (1322, 1636)
      (1325, 1916)
      (1327, 1533)
      (1330, 1705)
      (1330, 1864)
      (1332, 1903)
      (1333, 1669)
      (1333, 1810)
      (1337, 1574)
      (1337, 1684)
      (1338, 1584)
      (1340, 1490)
      (1343, 1916)
      (1344, 1688)
      (1346, 1920)
      (1347, 1570)
      (1347, 1618)
      (1349, 1946)
      (1350, 1477)
      (1350, 1700)
      (1350, 1933)
      (1350, 1972)
      (1351, 1454)
      (1353, 1454)
      (1355, 1585)
      (1355, 1881)
      (1355, 1882)
      (1356, 1715)
      (1358, 1642)
      (1362, 1872)
      (1365, 1652)
      (1368, 1458)
      (1372, 1939)
      (1374, 1536)
      (1374, 1701)
      (1374, 1717)
      (1374, 1845)
      (1375, 1459)
      (1377, 1663)
      (1378, 1738)
      (1380, 1418)
      (1380, 1565)
      (1380, 1610)
      (1381, 1484)
      (1382, 1560)
      (1382, 1570)
      (1382, 1759)
      (1385, 1425)
      (1386, 1549)
      (1387, 1547)
      (1389, 1478)
      (1392, 1495)
      (1392, 1605)
      (1392, 1845)
      (1394, 1549)
      (1396, 1415)
      (1396, 1490)
      (1403, 1502)
      (1403, 1504)
      (1405, 1629)
      (1405, 1820)
      (1407, 1987)
      (1412, 1781)
      (1418, 1634)
      (1419, 1730)
      (1419, 1919)
      (1425, 1644)
      (1427, 1573)
      (1428, 1836)
      (1428, 1897)
      (1431, 1924)
      (1432, 1735)
      (1434, 1814)
      (1435, 1848)
      (1437, 1937)
      (1439, 1660)
      (1440, 1580)
      (1441, 1790)
      (1442, 1669)
      (1442, 1839)
      (1443, 1560)
      (1443, 1673)
      (1444, 1948)
      (1448, 1756)
      (1450, 1937)
      (1454, 1639)
      (1454, 1816)
      (1454, 1896)
      (1455, 1702)
      (1460, 1914)
      (1461, 1570)
      (1462, 1678)
      (1466, 1777)
      (1468, 1747)
      (1469, 1581)
      (1471, 1836)
      (1476, 1744)
      (1482, 1549)
      (1482, 1756)
      (1484, 1789)
      (1484, 1834)
      (1484, 1847)
      (1484, 1932)
      (1488, 1733)
      (1489, 1717)
      (1492, 1664)
      (1495, 1675)
      (1500, 1578)
      (1503, 1710)
      (1503, 1813)
      (1504, 1774)
      (1504, 1777)
      (1506, 1799)
      (1506, 1875)
      (1507, 1549)
      (1509, 1932)
      (1510, 1611)
      (1511, 1762)
      (1511, 1810)
      (1517, 1582)
      (1519, 1835)
      (1519, 1959)
      (1520, 1523)
      (1521, 1867)
      (1523, 1551)
      (1523, 1934)
      (1523, 1969)
      (1527, 1555)
      (1527, 1735)
      (1528, 1955)
      (1530, 1716)
      (1531, 1790)
      (1532, 1610)
      (1536, 1584)
      (1536, 1691)
      (1538, 1669)
      (1539, 1550)
      (1539, 1839)
      (1548, 1564)
      (1548, 1663)
      (1548, 1676)
      (1552, 1860)
      (1552, 1868)
      (1554, 1599)
      (1554, 1601)
      (1554, 1692)
      (1554, 1865)
      (1556, 1988)
      (1558, 1636)
      (1558, 1944)
      (1561, 1910)
      (1562, 1598)
      (1563, 1927)
      (1567, 1857)
      (1569, 1813)
      (1572, 1754)
      (1578, 1643)
      (1578, 1854)
      (1578, 1937)
      (1584, 1863)
      (1586, 1748)
      (1586, 1833)
      (1591, 1915)
      (1593, 1597)
      (1594, 1721)
      (1596, 1836)
      (1597, 1868)
      (1597, 1975)
      (1600, 1796)
      (1604, 1849)
      (1611, 1740)
      (1611, 1935)
      (1622, 1843)
      (1623, 1823)
      (1628, 1657)
      (1629, 1635)
      (1630, 1715)
      (1633, 1899)
      (1636, 1979)
      (1650, 1957)
      (1652, 1965)
      (1656, 1853)
      (1663, 1842)
      (1663, 1999)
      (1665, 1808)
      (1666, 1791)
      (1668, 1889)
      (1669, 1981)
      (1675, 1801)
      (1676, 1691)
      (1678, 1967)
      (1679, 1872)
      (1679, 1946)
      (1681, 1865)
      (1681, 1962)
      (1687, 1842)
      (1692, 1776)
      (1710, 1758)
      (1710, 1832)
      (1710, 1886)
      (1711, 1767)
      (1735, 1827)
      (1738, 1860)
      (1741, 1772)
      (1741, 1867)
      (1750, 1802)
      (1752, 1766)
      (1753, 1946)
      (1759, 1896)
      (1767, 1837)
      (1776, 1862)
      (1808, 1818)
      (1808, 1941)
      (1813, 1818)
      (1828, 1959)
      (1850, 1879)
      (1852, 1899)
      (1858, 1960)
      (1859, 1951)
      (1885, 1944)
      (1892, 1903)
      (1956, 1997) }
-------------------------

** G2: |V|=2000, V={0..1999}
   Edges (u, v) E = { 
      ( 0, 292)
      ( 0, 1984)
      ( 1, 398)
      ( 1, 1292)
      ( 1, 1364)
      ( 2, 1244)
      ( 4, 670)
      ( 4, 1682)
      ( 5, 13)
      ( 5, 723)
      ( 5, 1168)
      ( 7, 84)
      ( 7, 134)
      ( 7, 808)
      ( 7, 1311)
      ( 9, 1027)
      (10, 287)
      (10, 318)
      (10, 656)
      (10, 1930)
      (11, 618)
      (12, 531)
      (12, 713)
      (12, 838)
      (12, 950)
      (12, 1951)
      (13, 1314)
      (14, 1363)
      (14, 1476)
      (14, 1541)
      (15, 876)
      (15, 1004)
      (15, 1342)
      (15, 1703)
      (16, 287)
      (16, 572)
      (16, 616)
      (16, 784)
      (16, 1423)
      (17, 794)
      (17, 1330)
      (18, 143)
      (18, 1509)
      (19, 226)
      (19, 1010)
      (19, 1139)
      (19, 1970)
      (20, 1088)
      (20, 1944)
      (21, 1750)
      (22, 1525)
      (22, 1847)
      (23, 101)
      (24, 548)
      (24, 700)
      (24, 1553)
      (26, 69)
      (26, 296)
      (26, 298)
      (27, 367)
      (27, 1619)
      (28, 1293)
      (28, 1336)
      (28, 1679)
      (28, 1831)
      (30, 244)
      (30, 1815)
      (33, 1271)
      (34, 1226)
      (34, 1695)
      (35, 1501)
      (35, 1555)
      (35, 1702)
      (36, 726)
      (37, 505)
      (38, 699)
      (38, 1246)
      (39, 162)
      (39, 342)
      (39, 694)
      (39, 990)
      (40, 209)
      (40, 475)
      (40, 972)
      (41, 1490)
      (42, 1677)
      (42, 1854)
      (44, 173)
      (44, 188)
      (44, 598)
      (45, 1222)
      (46, 858)
      (46, 1209)
      (46, 1390)
      (47, 253)
      (47, 533)
      (47, 544)
      (47, 668)
      (48, 463)
      (49, 473)
      (49, 566)
      (49, 961)
      (49, 1277)
      (49, 1565)
      (49, 1809)
      (49, 1944)
      (50, 303)
      (50, 406)
      (51, 451)
      (51, 1516)
      (51, 1756)
      (52, 801)
      (52, 1261)
      (53, 951)
      (54, 1815)
      (56, 1918)
      (58, 830)
      (58, 1271)
      (58, 1577)
      (58, 1832)
      (59, 1262)
      (63, 1505)
      (64, 361)
      (64, 462)
      (64, 538)
      (64, 623)
      (64, 1052)
      (65, 177)
      (66, 209)
      (66, 1149)
      (66, 1202)
      (66, 1473)
      (67, 481)
      (67, 660)
      (67, 1163)
      (67, 1406)
      (68, 118)
      (68, 1189)
      (69, 349)
      (70, 329)
      (71, 1063)
      (71, 1229)
      (72, 1045)
      (73, 1080)
      (73, 1572)
      (73, 1832)
      (75, 633)
      (75, 1675)
      (75, 1936)
      (77, 1706)
      (78, 784)
      (79, 1995)
      (80, 1915)
      (80, 1920)
      (82, 207)
      (82, 928)
      (83, 1531)
      (83, 1976)
      (84, 97)
      (84, 1294)
      (85, 857)
      (85, 1078)
      (85, 1527)
      (85, 1782)
      (86, 830)
      (86, 1538)
      (86, 1984)
      (87, 1654)
      (88, 1108)
      (90, 221)
      (90, 1872)
      (91, 1442)
      (92, 1383)
      (92, 1722)
      (94, 477)
      (94, 551)
      (94, 1820)
      (94, 1931)
      (96, 435)
      (96, 729)
      (97, 128)
      (97, 339)
      (97, 807)
      (97, 1666)
      (97, 1905)
      (99, 1368)
      (100, 942)
      (100, 995)
      (100, 1172)
      (100, 1180)
      (100, 1188)
      (100, 1583)
      (100, 1647)
      (103, 354)
      (105, 1083)
      (105, 1266)
      (105, 1625)
      (105, 1684)
      (106, 908)
      (107, 924)
      (108, 389)
      (108, 870)
      (108, 1275)
      (110, 352)
      (110, 354)
      (110, 1473)
      (111, 178)
      (111, 1284)
      (113, 430)
      (113, 1146)
      (113, 1546)
      (113, 1944)
      (114, 136)
      (114, 793)
      (115, 569)
      (115, 1260)
      (116, 203)
      (116, 510)
      (117, 456)
      (117, 1148)
      (118, 717)
      (119, 1144)
      (119, 1410)
      (119, 1453)
      (121, 1382)
      (122, 1561)
      (122, 1904)
      (123, 336)
      (123, 521)
      (123, 1064)
      (124, 340)
      (124, 387)
      (125, 1093)
      (127, 1382)
      (128, 1969)
      (129, 241)
      (129, 549)
      (129, 1789)
      (131, 1254)
      (131, 1312)
      (132, 468)
      (132, 1806)
      (133, 858)
      (133, 1042)
      (133, 1841)
      (133, 1983)
      (134, 909)
      (134, 1776)
      (135, 139)
      (135, 278)
      (138, 1246)
      (139, 1461)
      (140, 817)
      (141, 717)
      (142, 561)
      (142, 1413)
      (142, 1600)
      (142, 1614)
      (143, 1230)
      (145, 291)
      (145, 1842)
      (145, 1948)
      (147, 428)
      (147, 769)
      (148, 171)
      (148, 334)
      (148, 390)
      (148, 743)
      (150, 597)
      (151, 561)
      (151, 1040)
      (153, 296)
      (153, 1307)
      (153, 1984)
      (155, 709)
      (156, 1600)
      (158, 502)
      (158, 1901)
      (159, 200)
      (159, 1030)
      (159, 1457)
      (160, 295)
      (160, 1129)
      (162, 559)
      (162, 877)
      (164, 1624)
      (165, 441)
      (165, 857)
      (165, 1968)
      (166, 753)
      (167, 171)
      (167, 1574)
      (167, 1676)
      (168, 1825)
      (169, 278)
      (170, 390)
      (171, 1040)
      (172, 1097)
      (172, 1162)
      (172, 1273)
      (174, 995)
      (175, 1033)
      (175, 1158)
      (175, 1398)
      (175, 1657)
      (176, 1503)
      (176, 1514)
      (179, 1183)
      (179, 1597)
      (179, 1829)
      (180, 271)
      (180, 324)
      (181, 338)
      (181, 434)
      (181, 500)
      (181, 1039)
      (182, 518)
      (182, 1119)
      (183, 1126)
      (184, 716)
      (184, 1944)
      (185, 964)
      (185, 1433)
      (185, 1666)
      (186, 320)
      (186, 818)
      (187, 1792)
      (188, 350)
      (188, 947)
      (188, 1761)
      (188, 1910)
      (189, 1616)
      (191, 237)
      (191, 833)
      (192, 683)
      (192, 1747)
      (193, 395)
      (193, 914)
      (193, 1050)
      (193, 1385)
      (193, 1709)
      (194, 1208)
      (195, 268)
      (195, 960)
      (196, 644)
      (196, 1035)
      (198, 233)
      (198, 1588)
      (199, 1467)
      (200, 679)
      (200, 959)
      (200, 1683)
      (201, 1760)
      (202, 721)
      (203, 426)
      (204, 807)
      (206, 994)
      (206, 1270)
      (207, 451)
      (208, 241)
      (208, 1931)
      (209, 1788)
      (209, 1880)
      (210, 1049)
      (210, 1463)
      (211, 498)
      (211, 797)
      (211, 993)
      (213, 567)
      (213, 763)
      (213, 1366)
      (213, 1380)
      (214, 954)
      (214, 997)
      (215, 502)
      (215, 1112)
      (215, 1381)
      (216, 656)
      (216, 857)
      (216, 1677)
      (216, 1862)
      (218, 1123)
      (218, 1550)
      (218, 1673)
      (218, 1871)
      (219, 1555)
      (219, 1641)
      (219, 1951)
      (221, 446)
      (221, 492)
      (222, 525)
      (222, 557)
      (223, 1778)
      (224, 443)
      (225, 229)
      (226, 1122)
      (227, 1148)
      (228, 725)
      (228, 774)
      (228, 1462)
      (228, 1538)
      (229, 1141)
      (230, 908)
      (231, 1152)
      (232, 1017)
      (232, 1354)
      (232, 1425)
      (233, 1578)
      (234, 659)
      (234, 1017)
      (234, 1944)
      (235, 544)
      (235, 565)
      (236, 288)
      (236, 727)
      (236, 807)
      (236, 890)
      (236, 1269)
      (236, 1687)
      (236, 1785)
      (237, 1181)
      (237, 1623)
      (238, 570)
      (238, 840)
      (238, 1573)
      (239, 302)
      (241, 1264)
      (241, 1653)
      (242, 263)
      (242, 811)
      (242, 1008)
      (243, 659)
      (243, 1039)
      (244, 365)
      (244, 399)
      (244, 1524)
      (245, 315)
      (245, 461)
      (247, 1386)
      (247, 1810)
      (249, 901)
      (249, 1403)
      (249, 1435)
      (249, 1681)
      (249, 1824)
      (250, 676)
      (250, 1518)
      (251, 311)
      (251, 899)
      (252, 1807)
      (253, 1109)
      (253, 1800)
      (254, 1172)
      (254, 1261)
      (254, 1991)
      (255, 1882)
      (256, 421)
      (256, 762)
      (256, 1495)
      (257, 585)
      (257, 1792)
      (258, 535)
      (258, 1173)
      (258, 1293)
      (258, 1963)
      (259, 732)
      (259, 1870)
      (260, 494)
      (260, 827)
      (260, 1008)
      (262, 585)
      (262, 607)
      (263, 1630)
      (263, 1890)
      (264, 1977)
      (265, 1728)
      (265, 1865)
      (266, 637)
      (268, 831)
      (269, 1089)
      (269, 1240)
      (270, 649)
      (271, 337)
      (271, 700)
      (271, 1338)
      (271, 1660)
      (274, 455)
      (274, 835)
      (274, 1486)
      (277, 528)
      (278, 417)
      (278, 1121)
      (278, 1475)
      (278, 1744)
      (279, 401)
      (279, 828)
      (279, 1737)
      (281, 833)
      (282, 1634)
      (282, 1998)
      (283, 1316)
      (283, 1395)
      (283, 1812)
      (284, 556)
      (284, 1881)
      (285, 1165)
      (286, 1701)
      (286, 1743)
      (286, 1948)
      (288, 1262)
      (289, 1181)
      (291, 519)
      (291, 798)
      (291, 1974)
      (292, 1873)
      (292, 1998)
      (293, 672)
      (294, 1628)
      (294, 1673)
      (295, 1189)
      (295, 1932)
      (296, 302)
      (296, 1812)
      (297, 656)
      (298, 1596)
      (299, 473)
      (299, 1954)
      (302, 1339)
      (303, 410)
      (303, 1192)
      (303, 1309)
      (303, 1476)
      (304, 769)
      (304, 1590)
      (305, 1240)
      (306, 429)
      (307, 368)
      (307, 904)
      (307, 1123)
      (307, 1576)
      (309, 513)
      (309, 1687)
      (310, 1614)
      (312, 1108)
      (312, 1621)
      (313, 1394)
      (314, 676)
      (314, 1502)
      (314, 1874)
      (315, 597)
      (316, 899)
      (316, 1451)
      (317, 1609)
      (317, 1723)
      (319, 1700)
      (320, 1137)
      (320, 1501)
      (320, 1505)
      (322, 625)
      (322, 1227)
      (322, 1476)
      (322, 1695)
      (323, 670)
      (324, 535)
      (326, 537)
      (326, 665)
      (326, 933)
      (328, 542)
      (328, 1395)
      (329, 1078)
      (329, 1735)
      (330, 488)
      (330, 742)
      (330, 1731)
      (331, 1550)
      (335, 1776)
      (336, 680)
      (337, 1476)
      (340, 978)
      (341, 613)
      (341, 1310)
      (341, 1765)
      (342, 479)
      (342, 1656)
      (344, 1348)
      (346, 543)
      (346, 1354)
      (346, 1481)
      (347, 612)
      (347, 988)
      (347, 1239)
      (347, 1684)
      (348, 1720)
      (348, 1916)
      (349, 987)
      (352, 1611)
      (352, 1654)
      (353, 1400)
      (354, 402)
      (354, 1915)
      (355, 1660)
      (356, 456)
      (356, 602)
      (356, 1978)
      (357, 680)
      (357, 788)
      (357, 953)
      (359, 1193)
      (360, 990)
      (361, 828)
      (361, 1726)
      (361, 1915)
      (364, 450)
      (364, 561)
      (364, 1208)
      (365, 499)
      (365, 504)
      (365, 1424)
      (365, 1577)
      (365, 1898)
      (366, 958)
      (366, 1342)
      (367, 1951)
      (368, 599)
      (369, 706)
      (369, 1222)
      (369, 1431)
      (369, 1568)
      (371, 514)
      (372, 529)
      (372, 1750)
      (372, 1850)
      (373, 1136)
      (373, 1950)
      (374, 477)
      (374, 812)
      (375, 778)
      (375, 1013)
      (377, 833)
      (377, 1051)
      (377, 1690)
      (378, 905)
      (379, 654)
      (381, 1289)
      (382, 433)
      (382, 1315)
      (382, 1449)
      (384, 1085)
      (386, 673)
      (386, 1467)
      (387, 461)
      (387, 1550)
      (388, 640)
      (388, 1487)
      (389, 1030)
      (389, 1932)
      (390, 1554)
      (390, 1758)
      (392, 1622)
      (394, 990)
      (395, 1266)
      (397, 676)
      (399, 536)
      (399, 777)
      (399, 1408)
      (400, 624)
      (400, 1833)
      (401, 730)
      (402, 882)
      (402, 1074)
      (403, 703)
      (403, 1745)
      (404, 1111)
      (405, 1623)
      (406, 720)
      (408, 685)
      (408, 736)
      (409, 455)
      (409, 502)
      (409, 1150)
      (410, 787)
      (410, 1530)
      (410, 1735)
      (411, 567)
      (411, 1105)
      (411, 1272)
      (412, 1083)
      (414, 1628)
      (415, 438)
      (415, 1605)
      (418, 821)
      (419, 1242)
      (419, 1280)
      (419, 1391)
      (420, 652)
      (420, 1174)
      (421, 1723)
      (422, 637)
      (422, 1109)
      (423, 547)
      (423, 683)
      (423, 1250)
      (424, 1126)
      (424, 1336)
      (424, 1700)
      (425, 594)
      (427, 825)
      (427, 987)
      (427, 1738)
      (428, 1675)
      (429, 678)
      (429, 807)
      (429, 1714)
      (429, 1832)
      (430, 1140)
      (430, 1205)
      (431, 462)
      (432, 715)
      (432, 752)
      (434, 1258)
      (435, 1028)
      (435, 1231)
      (435, 1359)
      (436, 1279)
      (436, 1453)
      (438, 1328)
      (438, 1717)
      (439, 581)
      (439, 975)
      (440, 1911)
      (440, 1974)
      (441, 691)
      (441, 899)
      (443, 474)
      (444, 711)
      (444, 847)
      (444, 904)
      (444, 1350)
      (444, 1922)
      (447, 1509)
      (449, 532)
      (450, 836)
      (450, 862)
      (450, 1430)
      (451, 1563)
      (455, 807)
      (456, 753)
      (456, 859)
      (456, 1387)
      (456, 1396)
      (460, 523)
      (460, 620)
      (460, 843)
      (460, 1504)
      (460, 1924)
      (461, 958)
      (462, 1647)
      (462, 1682)
      (463, 471)
      (463, 1962)
      (464, 1016)
      (464, 1385)
      (464, 1687)
      (465, 602)
      (465, 853)
      (466, 1106)
      (468, 1182)
      (469, 596)
      (469, 672)
      (469, 1627)
      (470, 615)
      (471, 1060)
      (471, 1789)
      (471, 1999)
      (472, 477)
      (472, 683)
      (472, 1087)
      (473, 691)
      (473, 897)
      (473, 1967)
      (474, 799)
      (474, 1273)
      (474, 1686)
      (474, 1843)
      (475, 546)
      (476, 1874)
      (476, 1921)
      (478, 921)
      (478, 1020)
      (478, 1464)
      (479, 1667)
      (481, 729)
      (481, 1442)
      (481, 1647)
      (482, 1036)
      (482, 1925)
      (484, 983)
      (486, 1653)
      (487, 734)
      (487, 1699)
      (488, 604)
      (488, 885)
      (488, 1375)
      (491, 779)
      (491, 1087)
      (491, 1230)
      (491, 1327)
      (491, 1551)
      (491, 1584)
      (492, 1088)
      (493, 553)
      (493, 899)
      (493, 1855)
      (494, 783)
      (494, 858)
      (494, 1622)
      (495, 542)
      (495, 1243)
      (495, 1575)
      (496, 504)
      (497, 617)
      (498, 1550)
      (498, 1983)
      (499, 1168)
      (500, 1420)
      (500, 1851)
      (501, 939)
      (501, 1202)
      (502, 779)
      (502, 899)
      (502, 1696)
      (503, 1623)
      (504, 840)
      (505, 1718)
      (505, 1794)
      (506, 1819)
      (507, 782)
      (507, 1651)
      (507, 1798)
      (509, 1362)
      (510, 649)
      (510, 1296)
      (510, 1487)
      (511, 889)
      (512, 1508)
      (512, 1575)
      (512, 1853)
      (513, 1276)
      (516, 1194)
      (517, 666)
      (517, 1879)
      (517, 1987)
      (521, 839)
      (521, 1104)
      (521, 1252)
      (521, 1305)
      (521, 1541)
      (521, 1670)
      (521, 1699)
      (522, 1066)
      (523, 825)
      (524, 1569)
      (526, 1034)
      (527, 1172)
      (527, 1951)
      (528, 1618)
      (528, 1633)
      (530, 1029)
      (531, 793)
      (532, 536)
      (532, 1584)
      (532, 1966)
      (534, 807)
      (534, 1993)
      (535, 756)
      (535, 1287)
      (536, 981)
      (537, 716)
      (537, 952)
      (538, 1063)
      (538, 1578)
      (539, 1649)
      (540, 668)
      (541, 1187)
      (543, 1181)
      (545, 1236)
      (545, 1847)
      (545, 1939)
      (546, 888)
      (547, 1332)
      (548, 1010)
      (549, 1604)
      (551, 579)
      (551, 1635)
      (552, 770)
      (552, 1218)
      (552, 1689)
      (553, 1492)
      (554, 689)
      (554, 1509)
      (554, 1721)
      (555, 674)
      (555, 1662)
      (556, 874)
      (558, 1507)
      (560, 1199)
      (560, 1492)
      (561, 715)
      (561, 813)
      (562, 1767)
      (563, 1157)
      (563, 1295)
      (563, 1621)
      (564, 1103)
      (564, 1283)
      (565, 834)
      (568, 1035)
      (568, 1344)
      (568, 1887)
      (569, 1057)
      (570, 1683)
      (571, 1312)
      (571, 1750)
      (572, 1020)
      (572, 1136)
      (572, 1466)
      (573, 664)
      (574, 580)
      (574, 1841)
      (575, 601)
      (577, 614)
      (577, 870)
      (577, 1124)
      (577, 1420)
      (577, 1429)
      (578, 1848)
      (579, 730)
      (579, 1130)
      (579, 1139)
      (580, 1023)
      (580, 1128)
      (581, 1322)
      (581, 1492)
      (581, 1545)
      (582, 1062)
      (582, 1685)
      (584, 803)
      (585, 690)
      (585, 726)
      (585, 1788)
      (586, 1895)
      (587, 1547)
      (587, 1625)
      (588, 976)
      (588, 1039)
      (588, 1656)
      (589, 992)
      (589, 1472)
      (593, 1367)
      (594, 698)
      (594, 1594)
      (594, 1733)
      (594, 1974)
      (595, 849)
      (595, 1036)
      (596, 735)
      (596, 774)
      (596, 1580)
      (598, 1406)
      (598, 1563)
      (598, 1621)
      (599, 1040)
      (599, 1600)
      (601, 654)
      (601, 997)
      (601, 1665)
      (602, 956)
      (603, 995)
      (604, 868)
      (604, 906)
      (604, 992)
      (605, 1767)
      (607, 716)
      (610, 1188)
      (611, 1634)
      (611, 1694)
      (613, 1113)
      (614, 1624)
      (616, 1485)
      (617, 1912)
      (618, 1245)
      (618, 1831)
      (620, 980)
      (620, 1158)
      (620, 1907)
      (622, 893)
      (622, 1369)
      (622, 1718)
      (623, 1441)
      (624, 1171)
      (624, 1323)
      (624, 1400)
      (624, 1713)
      (625, 723)
      (625, 1412)
      (625, 1536)
      (626, 1804)
      (627, 1755)
      (628, 739)
      (628, 1219)
      (629, 716)
      (629, 1350)
      (630, 1479)
      (632, 1038)
      (632, 1579)
      (632, 1812)
      (634, 1194)
      (635, 826)
      (635, 1505)
      (640, 1132)
      (640, 1422)
      (641, 1335)
      (641, 1727)
      (641, 1816)
      (642, 797)
      (642, 1171)
      (644, 851)
      (644, 1094)
      (645, 863)
      (645, 1607)
      (647, 817)
      (647, 861)
      (650, 1203)
      (650, 1296)
      (650, 1735)
      (652, 1756)
      (654, 741)
      (656, 959)
      (656, 1541)
      (658, 858)
      (658, 957)
      (658, 979)
      (659, 1163)
      (660, 1248)
      (663, 1273)
      (663, 1299)
      (663, 1723)
      (664, 885)
      (664, 910)
      (665, 860)
      (665, 1791)
      (665, 1916)
      (666, 713)
      (666, 1602)
      (667, 1339)
      (667, 1557)
      (668, 1714)
      (669, 1328)
      (669, 1590)
      (669, 1752)
      (670, 1789)
      (671, 1607)
      (672, 680)
      (673, 740)
      (673, 961)
      (673, 1512)
      (673, 1730)
      (673, 1818)
      (673, 1823)
      (673, 1875)
      (674, 752)
      (676, 897)
      (677, 1726)
      (677, 1886)
      (678, 1492)
      (679, 1575)
      (680, 1447)
      (680, 1631)
      (681, 1481)
      (681, 1488)
      (681, 1778)
      (682, 822)
      (682, 1936)
      (683, 1301)
      (683, 1373)
      (683, 1489)
      (684, 1224)
      (684, 1464)
      (685, 1645)
      (686, 763)
      (687, 720)
      (687, 756)
      (687, 1909)
      (688, 866)
      (688, 916)
      (688, 947)
      (688, 1151)
      (689, 701)
      (689, 719)
      (689, 1074)
      (689, 1258)
      (690, 691)
      (690, 886)
      (690, 1061)
      (692, 1504)
      (692, 1620)
      (693, 1856)
      (695, 1111)
      (695, 1589)
      (696, 1536)
      (696, 1765)
      (698, 727)
      (698, 1120)
      (698, 1323)
      (698, 1435)
      (698, 1449)
      (701, 855)
      (701, 1030)
      (701, 1208)
      (701, 1393)
      (701, 1650)
      (702, 1684)
      (702, 1783)
      (704, 1354)
      (704, 1959)
      (705, 943)
      (706, 1409)
      (706, 1427)
      (706, 1828)
      (707, 991)
      (707, 1317)
      (707, 1989)
      (708, 1100)
      (708, 1306)
      (709, 1832)
      (710, 726)
      (711, 1987)
      (712, 1017)
      (712, 1782)
      (714, 1476)
      (715, 842)
      (715, 1505)
      (718, 1783)
      (719, 1664)
      (720, 871)
      (720, 1373)
      (721, 1208)
      (721, 1260)
      (721, 1750)
      (723, 1847)
      (724, 1370)
      (724, 1848)
      (725, 1263)
      (725, 1576)
      (726, 815)
      (726, 1835)
      (727, 1684)
      (728, 788)
      (728, 1378)
      (729, 1563)
      (729, 1815)
      (730, 1348)
      (731, 746)
      (731, 1408)
      (731, 1744)
      (732, 847)
      (732, 1354)
      (732, 1414)
      (734, 1936)
      (735, 871)
      (735, 1097)
      (735, 1620)
      (736, 1071)
      (736, 1707)
      (737, 1639)
      (739, 1383)
      (739, 1426)
      (740, 1883)
      (741, 779)
      (742, 844)
      (744, 909)
      (744, 1175)
      (745, 1192)
      (748, 1680)
      (750, 811)
      (750, 1996)
      (752, 1015)
      (754, 1903)
      (756, 1030)
      (757, 1017)
      (758, 1837)
      (759, 921)
      (759, 1459)
      (761, 989)
      (762, 1457)
      (764, 1139)
      (764, 1214)
      (764, 1351)
      (764, 1708)
      (764, 1905)
      (765, 1522)
      (766, 924)
      (766, 1471)
      (767, 930)
      (767, 1371)
      (767, 1548)
      (769, 1718)
      (770, 1301)
      (770, 1332)
      (771, 1409)
      (772, 1477)
      (773, 1063)
      (773, 1554)
      (773, 1578)
      (774, 940)
      (774, 1203)
      (774, 1649)
      (775, 1120)
      (776, 873)
      (776, 1152)
      (778, 1625)
      (779, 1051)
      (779, 1199)
      (780, 1478)
      (780, 1686)
      (781, 1130)
      (781, 1166)
      (782, 1414)
      (783, 891)
      (783, 1317)
      (783, 1767)
      (788, 820)
      (790, 1095)
      (792, 1021)
      (792, 1152)
      (793, 1294)
      (794, 1028)
      (794, 1552)
      (797, 1368)
      (797, 1602)
      (798, 1234)
      (798, 1307)
      (800, 1647)
      (802, 1159)
      (802, 1381)
      (802, 1949)
      (803, 1733)
      (805, 990)
      (805, 1881)
      (806, 894)
      (806, 953)
      (806, 1022)
      (806, 1129)
      (809, 1887)
      (811, 957)
      (812, 840)
      (813, 1726)
      (813, 1894)
      (815, 1160)
      (816, 1208)
      (816, 1379)
      (816, 1821)
      (818, 1483)
      (818, 1494)
      (818, 1633)
      (819, 1096)
      (819, 1562)
      (820, 1556)
      (821, 1233)
      (821, 1453)
      (822, 1120)
      (824, 1607)
      (825, 1969)
      (826, 886)
      (827, 948)
      (827, 1716)
      (828, 1403)
      (828, 1420)
      (829, 1481)
      (829, 1862)
      (831, 1702)
      (831, 1776)
      (832, 837)
      (832, 1738)
      (832, 1810)
      (833, 1466)
      (835, 1062)
      (835, 1081)
      (838, 967)
      (838, 1241)
      (838, 1326)
      (838, 1526)
      (841, 1332)
      (841, 1775)
      (842, 895)
      (842, 1113)
      (844, 1639)
      (845, 1042)
      (845, 1799)
      (847, 1490)
      (848, 1223)
      (849, 1172)
      (850, 1523)
      (851, 1728)
      (852, 1727)
      (853, 1244)
      (855, 980)
      (856, 975)
      (857, 1709)
      (857, 1824)
      (859, 949)
      (860, 1163)
      (862, 1862)
      (863, 1021)
      (863, 1314)
      (863, 1435)
      (863, 1629)
      (864, 877)
      (864, 1662)
      (864, 1916)
      (866, 1575)
      (866, 1706)
      (866, 1773)
      (866, 1799)
      (870, 1354)
      (870, 1819)
      (871, 1048)
      (871, 1652)
      (873, 1838)
      (874, 1005)
      (876, 1799)
      (879, 1106)
      (880, 1574)
      (881, 1718)
      (883, 1536)
      (885, 1237)
      (885, 1409)
      (886, 1626)
      (887, 1860)
      (889, 976)
      (889, 1042)
      (889, 1178)
      (891, 1096)
      (892, 990)
      (893, 1032)
      (895, 1056)
      (895, 1286)
      (896, 1197)
      (896, 1317)
      (897, 1532)
      (898, 1038)
      (901, 1715)
      (901, 1838)
      (902, 1499)
      (903, 1897)
      (904, 992)
      (904, 1104)
      (904, 1826)
      (905, 991)
      (907, 1205)
      (908, 1486)
      (909, 1571)
      (910, 1256)
      (910, 1645)
      (910, 1746)
      (911, 1223)
      (912, 1154)
      (912, 1181)
      (912, 1610)
      (912, 1931)
      (913, 1977)
      (915, 1412)
      (915, 1560)
      (916, 1217)
      (917, 1338)
      (917, 1737)
      (918, 943)
      (919, 1028)
      (919, 1389)
      (919, 1513)
      (920, 1180)
      (920, 1189)
      (920, 1674)
      (920, 1873)
      (921, 1631)
      (924, 1396)
      (924, 1587)
      (924, 1607)
      (924, 1940)
      (925, 1228)
      (925, 1555)
      (925, 1721)
      (926, 1901)
      (927, 1737)
      (927, 1802)
      (927, 1929)
      (927, 1998)
      (928, 1602)
      (929, 1019)
      (930, 1175)
      (930, 1856)
      (930, 1992)
      (931, 1048)
      (931, 1829)
      (933, 1329)
      (934, 1706)
      (935, 1375)
      (936, 1563)
      (937, 970)
      (938, 1425)
      (939, 1056)
      (939, 1594)
      (940, 1062)
      (940, 1292)
      (940, 1386)
      (941, 995)
      (941, 1560)
      (946, 989)
      (946, 1002)
      (946, 1005)
      (946, 1114)
      (950, 1687)
      (950, 1984)
      (952, 1671)
      (952, 1796)
      (953, 1388)
      (954, 968)
      (954, 1830)
      (956, 1842)
      (960, 1128)
      (960, 1950)
      (962, 1354)
      (964, 1159)
      (964, 1633)
      (965, 1601)
      (966, 1452)
      (966, 1733)
      (967, 1190)
      (967, 1399)
      (968, 1496)
      (968, 1870)
      (970, 1174)
      (970, 1753)
      (970, 1937)
      (972, 1677)
      (978, 1043)
      (985, 992)
      (985, 1161)
      (985, 1474)
      (985, 1813)
      (986, 1181)
      (987, 1508)
      (988, 1743)
      (992, 1516)
      (993, 1618)
      (995, 1461)
      (996, 1014)
      (997, 1257)
      (997, 1312)
      (998, 1005)
      (998, 1500)
      (998, 1613)
      (1000, 1201)
      (1000, 1550)
      (1000, 1896)
      (1001, 1548)
      (1001, 1713)
      (1002, 1990)
      (1003, 1415)
      (1003, 1881)
      (1005, 1799)
      (1006, 1988)
      (1010, 1418)
      (1011, 1140)
      (1011, 1727)
      (1011, 1826)
      (1012, 1725)
      (1012, 1904)
      (1013, 1051)
      (1013, 1067)
      (1014, 1036)
      (1014, 1062)
      (1014, 1109)
      (1015, 1472)
      (1015, 1746)
      (1016, 1515)
      (1017, 1333)
      (1017, 1510)
      (1018, 1701)
      (1020, 1160)
      (1020, 1583)
      (1021, 1446)
      (1021, 1854)
      (1025, 1117)
      (1026, 1829)
      (1026, 1840)
      (1027, 1950)
      (1028, 1168)
      (1030, 1397)
      (1030, 1847)
      (1031, 1492)
      (1033, 1890)
      (1034, 1035)
      (1034, 1266)
      (1035, 1781)
      (1038, 1574)
      (1040, 1359)
      (1040, 1439)
      (1041, 1306)
      (1041, 1680)
      (1044, 1296)
      (1046, 1411)
      (1047, 1650)
      (1047, 1831)
      (1048, 1961)
      (1049, 1135)
      (1051, 1734)
      (1052, 1413)
      (1053, 1519)
      (1053, 1536)
      (1054, 1189)
      (1055, 1380)
      (1058, 1089)
      (1060, 1260)
      (1062, 1497)
      (1063, 1163)
      (1065, 1817)
      (1066, 1349)
      (1066, 1410)
      (1067, 1772)
      (1068, 1179)
      (1069, 1335)
      (1069, 1595)
      (1069, 1925)
      (1070, 1092)
      (1071, 1086)
      (1071, 1766)
      (1072, 1142)
      (1074, 1971)
      (1076, 1875)
      (1077, 1783)
      (1079, 1853)
      (1080, 1374)
      (1081, 1535)
      (1082, 1743)
      (1082, 1966)
      (1084, 1983)
      (1085, 1127)
      (1086, 1666)
      (1087, 1607)
      (1087, 1838)
      (1087, 1952)
      (1088, 1319)
      (1088, 1410)
      (1089, 1349)
      (1089, 1356)
      (1093, 1126)
      (1094, 1675)
      (1097, 1493)
      (1100, 1777)
      (1101, 1197)
      (1101, 1213)
      (1103, 1931)
      (1105, 1726)
      (1107, 1658)
      (1108, 1390)
      (1108, 1723)
      (1109, 1404)
      (1110, 1923)
      (1110, 1932)
      (1115, 1914)
      (1116, 1479)
      (1117, 1640)
      (1119, 1227)
      (1119, 1548)
      (1119, 1561)
      (1120, 1805)
      (1120, 1833)
      (1120, 1914)
      (1121, 1276)
      (1121, 1991)
      (1122, 1473)
      (1124, 1688)
      (1125, 1394)
      (1125, 1583)
      (1126, 1590)
      (1127, 1682)
      (1128, 1631)
      (1129, 1997)
      (1130, 1184)
      (1133, 1169)
      (1134, 1399)
      (1135, 1319)
      (1136, 1770)
      (1137, 1458)
      (1137, 1780)
      (1137, 1900)
      (1138, 1312)
      (1138, 1393)
      (1138, 1517)
      (1141, 1697)
      (1143, 1381)
      (1145, 1830)
      (1145, 1878)
      (1146, 1842)
      (1149, 1390)
      (1150, 1345)
      (1150, 1417)
      (1150, 1868)
      (1152, 1324)
      (1152, 1377)
      (1152, 1688)
      (1154, 1522)
      (1159, 1236)
      (1159, 1804)
      (1160, 1528)
      (1160, 1909)
      (1161, 1285)
      (1161, 1768)
      (1162, 1357)
      (1162, 1409)
      (1162, 1473)
      (1167, 1802)
      (1167, 1894)
      (1169, 1639)
      (1169, 1725)
      (1171, 1291)
      (1171, 1934)
      (1172, 1741)
      (1172, 1816)
      (1173, 1194)
      (1174, 1187)
      (1175, 1572)
      (1176, 1241)
      (1180, 1910)
      (1181, 1184)
      (1182, 1968)
      (1183, 1821)
      (1184, 1353)
      (1185, 1558)
      (1186, 1390)
      (1190, 1796)
      (1192, 1216)
      (1192, 1934)
      (1195, 1578)
      (1197, 1581)
      (1199, 1298)
      (1200, 1399)
      (1200, 1865)
      (1204, 1678)
      (1205, 1283)
      (1206, 1755)
      (1207, 1620)
      (1209, 1210)
      (1209, 1892)
      (1212, 1886)
      (1213, 1614)
      (1216, 1500)
      (1216, 1683)
      (1221, 1457)
      (1225, 1921)
      (1226, 1261)
      (1226, 1265)
      (1226, 1370)
      (1228, 1760)
      (1229, 1563)
      (1231, 1329)
      (1231, 1537)
      (1232, 1285)
      (1233, 1442)
      (1235, 1350)
      (1236, 1240)
      (1236, 1983)
      (1237, 1614)
      (1237, 1853)
      (1240, 1366)
      (1240, 1623)
      (1240, 1734)
      (1241, 1558)
      (1241, 1956)
      (1244, 1311)
      (1245, 1906)
      (1246, 1765)
      (1249, 1506)
      (1250, 1775)
      (1251, 1608)
      (1253, 1710)
      (1253, 1979)
      (1254, 1835)
      (1256, 1618)
      (1256, 1735)
      (1257, 1467)
      (1258, 1755)
      (1258, 1776)
      (1259, 1418)
      (1260, 1670)
      (1261, 1835)
      (1262, 1506)
      (1267, 1856)
      (1268, 1664)
      (1268, 1992)
      (1268, 1995)
      (1269, 1480)
      (1269, 1739)
      (1270, 1317)
      (1270, 1844)
      (1274, 1514)
      (1275, 1276)
      (1275, 1716)
      (1277, 1408)
      (1278, 1703)
      (1279, 1550)
      (1280, 1825)
      (1281, 1866)
      (1283, 1407)
      (1284, 1939)
      (1285, 1380)
      (1287, 1720)
      (1292, 1304)
      (1293, 1506)
      (1293, 1589)
      (1294, 1353)
      (1294, 1590)
      (1294, 1989)
      (1296, 1942)
      (1297, 1704)
      (1298, 1762)
      (1300, 1312)
      (1301, 1722)
      (1301, 1813)
      (1304, 1408)
      (1305, 1971)
      (1306, 1479)
      (1307, 1524)
      (1311, 1679)
      (1314, 1720)
      (1316, 1665)
      (1316, 1904)
      (1318, 1647)
      (1319, 1566)
      (1320, 1962)
      (1322, 1947)
      (1326, 1413)
      (1326, 1818)
      (1329, 1363)
      (1331, 1338)
      (1332, 1362)
      (1335, 1706)
      (1336, 1371)
      (1337, 1738)
      (1337, 1771)
      (1339, 1919)
      (1340, 1728)
      (1346, 1388)
      (1349, 1873)
      (1350, 1713)
      (1350, 1762)
      (1353, 1921)
      (1354, 1440)
      (1354, 1762)
      (1356, 1684)
      (1359, 1921)
      (1360, 1584)
      (1361, 1379)
      (1361, 1384)
      (1361, 1833)
      (1361, 1862)
      (1361, 1941)
      (1362, 1991)
      (1368, 1506)
      (1368, 1712)
      (1370, 1927)
      (1372, 1969)
      (1374, 1463)
      (1374, 1763)
      (1378, 1423)
      (1379, 1832)
      (1380, 1483)
      (1380, 1547)
      (1381, 1591)
      (1381, 1598)
      (1382, 1596)
      (1382, 1628)
      (1383, 1817)
      (1385, 1852)
      (1389, 1691)
      (1390, 1465)
      (1391, 1512)
      (1393, 1985)
      (1395, 1855)
      (1395, 1913)
      (1397, 1565)
      (1398, 1469)
      (1398, 1515)
      (1398, 1650)
      (1398, 1819)
      (1400, 1545)
      (1400, 1716)
      (1402, 1567)
      (1404, 1588)
      (1405, 1501)
      (1405, 1736)
      (1406, 1622)
      (1407, 1720)
      (1407, 1953)
      (1408, 1568)
      (1410, 1470)
      (1410, 1581)
      (1411, 1593)
      (1413, 1769)
      (1413, 1816)
      (1414, 1826)
      (1416, 1618)
      (1417, 1532)
      (1417, 1918)
      (1421, 1765)
      (1422, 1930)
      (1425, 1987)
      (1429, 1819)
      (1430, 1921)
      (1439, 1446)
      (1439, 1540)
      (1440, 1570)
      (1441, 1490)
      (1448, 1516)
      (1449, 1649)
      (1450, 1899)
      (1453, 1628)
      (1453, 1861)
      (1454, 1490)
      (1461, 1817)
      (1461, 1897)
      (1464, 1711)
      (1464, 1889)
      (1465, 1558)
      (1467, 1878)
      (1469, 1793)
      (1470, 1837)
      (1474, 1602)
      (1474, 1775)
      (1475, 1894)
      (1478, 1958)
      (1480, 1822)
      (1480, 1982)
      (1484, 1895)
      (1485, 1601)
      (1487, 1645)
      (1487, 1869)
      (1488, 1666)
      (1490, 1758)
      (1495, 1692)
      (1496, 1640)
      (1500, 1664)
      (1503, 1631)
      (1503, 1934)
      (1506, 1641)
      (1507, 1566)
      (1508, 1676)
      (1509, 1734)
      (1510, 1897)
      (1514, 1718)
      (1514, 1825)
      (1521, 1779)
      (1523, 1992)
      (1524, 1676)
      (1526, 1624)
      (1526, 1775)
      (1528, 1587)
      (1528, 1875)
      (1533, 1707)
      (1536, 1598)
      (1536, 1948)
      (1539, 1667)
      (1540, 1975)
      (1544, 1979)
      (1545, 1885)
      (1547, 1740)
      (1547, 1905)
      (1551, 1592)
      (1551, 1983)
      (1553, 1705)
      (1553, 1764)
      (1554, 1771)
      (1557, 1921)
      (1557, 1961)
      (1559, 1822)
      (1563, 1702)
      (1566, 1597)
      (1566, 1909)
      (1573, 1851)
      (1573, 1931)
      (1575, 1734)
      (1579, 1695)
      (1579, 1725)
      (1583, 1906)
      (1585, 1691)
      (1588, 1788)
      (1588, 1922)
      (1592, 1913)
      (1593, 1627)
      (1596, 1798)
      (1596, 1970)
      (1600, 1927)
      (1603, 1720)
      (1606, 1665)
      (1607, 1645)
      (1608, 1975)
      (1617, 1675)
      (1619, 1899)
      (1620, 1909)
      (1624, 1879)
      (1626, 1868)
      (1626, 1943)
      (1626, 1967)
      (1627, 1772)
      (1627, 1816)
      (1628, 1639)
      (1628, 1747)
      (1630, 1937)
      (1631, 1826)
      (1631, 1967)
      (1635, 1801)
      (1638, 1726)
      (1640, 1709)
      (1641, 1876)
      (1641, 1883)
      (1647, 1753)
      (1650, 1926)
      (1655, 1873)
      (1657, 1672)
      (1657, 1817)
      (1658, 1836)
      (1661, 1805)
      (1670, 1672)
      (1672, 1810)
      (1683, 1928)
      (1683, 1934)
      (1688, 1892)
      (1691, 1738)
      (1693, 1736)
      (1694, 1717)
      (1697, 1754)
      (1697, 1926)
      (1702, 1738)
      (1703, 1998)
      (1707, 1963)
      (1714, 1873)
      (1716, 1933)
      (1717, 1729)
      (1717, 1990)
      (1718, 1754)
      (1719, 1782)
      (1722, 1884)
      (1725, 1884)
      (1731, 1878)
      (1736, 1904)
      (1737, 1981)
      (1740, 1952)
      (1750, 1906)
      (1754, 1951)
      (1756, 1797)
      (1757, 1839)
      (1759, 1967)
      (1770, 1989)
      (1775, 1964)
      (1779, 1983)
      (1783, 1868)
      (1789, 1857)
      (1790, 1909)
      (1796, 1991)
      (1797, 1934)
      (1799, 1982)
      (1804, 1952)
      (1807, 1931)
      (1809, 1839)
      (1810, 1961)
      (1820, 1888)
      (1831, 1883)
      (1831, 1989)
      (1841, 1996)
      (1852, 1885)
      (1855, 1902)
      (1857, 1947)
      (1869, 1959)
      (1870, 1887)
      (1872, 1931)
      (1874, 1960)
      (1881, 1924)
      (1882, 1909)
      (1892, 1899)
      (1893, 1901)
      (1893, 1902)
      (1905, 1990)
      (1921, 1977)
      (1922, 1950)
      (1941, 1996)
      (1945, 1947)
      (1975, 1995)
      (1977, 1988) }
-------------------------

